[gd_scene load_steps=8 format=2]

[ext_resource path="res://QuatJoint6DOF_F.gd" type="Script" id=1]
[ext_resource path="res://ChassisF.gd" type="Script" id=3]
[ext_resource path="res://Spider_LegF.tscn" type="PackedScene" id=4]

[sub_resource type="BoxShape" id=1]
extents = Vector3( 20, 1, 20 )

[sub_resource type="CubeMesh" id=2]
size = Vector3( 40, 2, 40 )

[sub_resource type="SpatialMaterial" id=16]
albedo_color = Color( 0.337255, 1, 0, 1 )

[sub_resource type="PrismMesh" id=17]
material = SubResource( 16 )

[node name="TankF" type="Spatial"]

[node name="Spider_LegF1" parent="." instance=ExtResource( 4 )]
transform = Transform( 0.707107, 0, 0.707107, 0, 1, 0, -0.707107, 0, 0.707107, -20, 0, 20 )

[node name="Spider_LegF2" parent="." instance=ExtResource( 4 )]
transform = Transform( 0.707107, 0, -0.707107, 0, 1, 0, 0.707107, 0, 0.707107, -20, 0, -20 )

[node name="Spider_LegF3" parent="." instance=ExtResource( 4 )]
transform = Transform( -0.707107, 0, 0.707107, 0, 1, 0, -0.707107, 0, -0.707107, 20, 0, 20 )

[node name="Spider_LegF4" parent="." instance=ExtResource( 4 )]
transform = Transform( -0.707107, 0, -0.707107, 0, 1, 0, 0.707107, 0, -0.707107, 20, 0, -20 )

[node name="Chassis" type="Spatial" parent="."]
script = ExtResource( 3 )

[node name="Platform" type="RigidBody" parent="Chassis"]
mass = 50.0
can_sleep = false

[node name="CollisionShape" type="CollisionShape" parent="Chassis/Platform"]
shape = SubResource( 1 )

[node name="MeshInstance" type="MeshInstance" parent="Chassis/Platform/CollisionShape"]
mesh = SubResource( 2 )
material/0 = null

[node name="Face" type="MeshInstance" parent="Chassis/Platform"]
transform = Transform( 2, 0, 0, 0, -1, -1.73205, 0, 1.73205, -1, 0, -2.38419e-07, 21 )
mesh = SubResource( 17 )
skeleton = NodePath("../..")
material/0 = null

[node name="Joint1" type="Generic6DOFJoint" parent="Chassis"]
transform = Transform( 0.707107, 0, 0.707107, 0, 1, 0, -0.707107, 0, 0.707107, -20, 0, 20 )
nodes/node_a = NodePath("../Platform")
collision/exclude_nodes = false
script = ExtResource( 1 )
stiffnessA = Vector3( 12500, 12500, 12500 )
stiffnessB = Vector3( 25000, 25000, 25000 )
dampingA = Vector3( 5000, 5000, 5000 )
dampingB = Vector3( 2500, 2500, 2500 )

[node name="RichTextLabel" type="RichTextLabel" parent="Chassis/Joint1"]
margin_right = 235.0
margin_bottom = 40.0
__meta__ = {
"_edit_use_anchors_": false
}

[node name="Joint2" type="Generic6DOFJoint" parent="Chassis"]
transform = Transform( 0.707107, 0, -0.707107, 0, 1, 0, 0.707107, 0, 0.707107, -20, 0, -20 )
nodes/node_a = NodePath("../Platform")
collision/exclude_nodes = false
script = ExtResource( 1 )
stiffnessA = Vector3( 12500, 12500, 12500 )
stiffnessB = Vector3( 25000, 25000, 25000 )
dampingA = Vector3( 5000, 5000, 5000 )
dampingB = Vector3( 2500, 2500, 2500 )

[node name="Joint3" type="Generic6DOFJoint" parent="Chassis"]
transform = Transform( -0.707107, 0, 0.707107, 0, 1, 0, -0.707107, 0, -0.707107, 20, 0, 20 )
nodes/node_a = NodePath("../Platform")
collision/exclude_nodes = false
script = ExtResource( 1 )
stiffnessA = Vector3( 12500, 12500, 12500 )
stiffnessB = Vector3( 25000, 25000, 25000 )
dampingA = Vector3( 5000, 5000, 5000 )
dampingB = Vector3( 2500, 2500, 2500 )

[node name="Joint4" type="Generic6DOFJoint" parent="Chassis"]
transform = Transform( -0.707107, 0, -0.707107, 0, 1, 0, 0.707107, 0, -0.707107, 20, 0, -20 )
nodes/node_a = NodePath("../Platform")
collision/exclude_nodes = false
script = ExtResource( 1 )
stiffnessA = Vector3( 12500, 12500, 12500 )
stiffnessB = Vector3( 25000, 25000, 25000 )
dampingA = Vector3( 5000, 5000, 5000 )
dampingB = Vector3( 2500, 2500, 2500 )
