[gd_scene load_steps=13 format=2]

[ext_resource path="res://Spider_LegG_Shadow_Puppet_By_Joints_SPINDLE.tscn" type="PackedScene" id=2]
[ext_resource path="res://Chassis_Spindle.gd" type="Script" id=3]

[sub_resource type="BoxShape" id=1]
extents = Vector3( 15, 2, 15 )

[sub_resource type="SpatialMaterial" id=20]
albedo_color = Color( 1, 0.513726, 0, 1 )

[sub_resource type="CubeMesh" id=2]
material = SubResource( 20 )
size = Vector3( 30, 4, 30 )

[sub_resource type="BoxShape" id=18]
extents = Vector3( 10, 3.5, 10 )

[sub_resource type="SpatialMaterial" id=21]
albedo_color = Color( 0, 0.439216, 1, 1 )

[sub_resource type="CubeMesh" id=19]
material = SubResource( 21 )
size = Vector3( 20, 7, 20 )

[sub_resource type="BoxShape" id=22]
extents = Vector3( 5, 1, 5 )

[sub_resource type="CubeMesh" id=23]
size = Vector3( 10, 2, 10 )

[sub_resource type="SpatialMaterial" id=24]
albedo_color = Color( 1, 0.654902, 0, 1 )

[sub_resource type="CubeMesh" id=25]
material = SubResource( 24 )
size = Vector3( 1, 1, 1 )

[node name="TankG_Spindle" type="Spatial"]

[node name="Spider_LegG_SPINDLE1" parent="." instance=ExtResource( 2 )]
transform = Transform( 0.5, 0, 0.866026, 0, 1, 0, -0.866026, 0, 0.5, -7, 9, 9 )

[node name="Spider_LegG_SPINDLE2" parent="." instance=ExtResource( 2 )]
transform = Transform( 0.258819, 0, -0.965926, 0, 1, 0, 0.965926, 0, 0.258819, -11, 9, -15 )

[node name="Spider_LegG_SPINDLE3" parent="." instance=ExtResource( 2 )]
transform = Transform( -0.5, 0, 0.866026, 0, 1, 0, -0.866026, 0, -0.5, 7, 9, 9 )

[node name="Spider_LegG_SPINDLE4" parent="." instance=ExtResource( 2 )]
transform = Transform( -0.258819, 0, -0.965926, 0, 1, 0, 0.965926, 0, -0.258819, 11, 9, -15 )

[node name="Spider_LegG_SPINDLE5" parent="." instance=ExtResource( 2 )]
transform = Transform( -0.866026, 0, -0.5, 0, 1, 0, 0.5, 0, -0.866026, 13, 9, -3 )

[node name="Spider_LegG_SPINDLE6" parent="." instance=ExtResource( 2 )]
transform = Transform( -0.866026, 0, 0.5, 0, 1, 0, -0.5, 0, -0.866026, 13, 9, 3 )

[node name="Spider_LegG_SPINDLE7" parent="." instance=ExtResource( 2 )]
transform = Transform( 0.866026, 0, 0.5, 0, 1, 0, -0.5, 0, 0.866026, -13, 9, 3 )

[node name="Spider_LegG_SPINDLE8" parent="." instance=ExtResource( 2 )]
transform = Transform( 0.866026, 0, -0.5, 0, 1, 0, 0.5, 0, 0.866026, -13, 9, -3 )

[node name="Chassis" type="Spatial" parent="."]
script = ExtResource( 3 )

[node name="Platform" type="RigidBody" parent="Chassis"]
mass = 5000.0
can_sleep = false

[node name="Abdomen" type="CollisionShape" parent="Chassis/Platform"]
transform = Transform( 0.707107, 0, 0.707107, 0.353553, 0.866025, -0.353553, -0.612372, 0.5, 0.612372, 0, 11, -18 )
shape = SubResource( 1 )

[node name="MeshInstance" type="MeshInstance" parent="Chassis/Platform/Abdomen"]
mesh = SubResource( 2 )
material/0 = null

[node name="Thorax" type="CollisionShape" parent="Chassis/Platform"]
transform = Transform( 0.707107, 0, 0.707107, 0, 1, 0, -0.707107, 0, 0.707107, 0, -1.58023, 0 )
shape = SubResource( 18 )

[node name="MeshInstance" type="MeshInstance" parent="Chassis/Platform/Thorax"]
mesh = SubResource( 19 )
material/0 = null

[node name="Head" type="CollisionShape" parent="Chassis/Platform"]
transform = Transform( 0.707107, 0, 0.707107, 0.353553, 0.866025, -0.353553, -0.612372, 0.5, 0.612372, 0, -1, 15 )
shape = SubResource( 22 )

[node name="MeshInstance" type="MeshInstance" parent="Chassis/Platform/Head"]
mesh = SubResource( 23 )
material/0 = null

[node name="Crown" type="MeshInstance" parent="Chassis/Platform/Head"]
transform = Transform( 1.64752, 1.0777, 0.352478, -1.0777, 1.29504, 1.0777, 0.352478, -1.0777, 1.64752, 3.43922, 0.215341, -3.43922 )
mesh = SubResource( 25 )
skeleton = NodePath("../../..")
material/0 = null
